FPX_MUL|2|0,0,1,0,1|0,1,1,1|0,0,0,1,1,0,1,1
FPX_KARA|2|0,0,1,0,1|0,1,1,1|0,0,0,1,1,0,1,1
FPX_DIVMOD|2|0,0,1,0,1|0,1,1,1|1,1|0,1,1
FPX_DIVMOD_FAST|2|0,0,1,0,1|0,1,1,1|1,1|0,1,1
FPX_GCD|2|0,0,1,0,1|0,1,1,1|0,1
FPX_GCDEXT|2|0,0,1,0,1|0,1,1,1|0,1|0,1|1,1,1
FPX_MUL|2|1,1,1,1,1,0,0,1|1|1,1,1,1,1,0,0,1
FPX_KARA|2|1,1,1,1,1,0,0,1|1|1,1,1,1,1,0,0,1
FPX_DIVMOD|2|1,1,1,1,1,0,0,1|1|1,1,1,1,1,0,0,1|0
FPX_DIVMOD_FAST|2|1,1,1,1,1,0,0,1|1|1,1,1,1,1,0,0,1|0
FPX_GCD|2|1,1,1,1,1,0,0,1|1|1
FPX_GCDEXT|2|1,1,1,1,1,0,0,1|1|1|0|1
FPX_MUL|2|1,1,1,1,0,1|0,1|0,1,1,1,1,0,1
FPX_KARA|2|1,1,1,1,0,1|0,1|0,1,1,1,1,0,1
FPX_DIVMOD|2|1,1,1,1,0,1|0,1|1,1,1,0,1|1
FPX_DIVMOD_FAST|2|1,1,1,1,0,1|0,1|1,1,1,0,1|1
FPX_GCD|2|1,1,1,1,0,1|0,1|1
FPX_GCDEXT|2|1,1,1,1,0,1|0,1|1|1|1,1,1,0,1
FPX_MUL|2|1|0,0,1,0,1,1|0,0,1,0,1,1
FPX_KARA|2|1|0,0,1,0,1,1|0,0,1,0,1,1
FPX_DIVMOD|2|1|0,0,1,0,1,1|0|1
FPX_DIVMOD_FAST|2|1|0,0,1,0,1,1|0|1
FPX_GCD|2|1|0,0,1,0,1,1|1
FPX_GCDEXT|2|1|0,0,1,0,1,1|1|1|0
FPX_MUL|2|0,1|0,0,0,1,1,1|0,0,0,0,1,1,1
FPX_KARA|2|0,1|0,0,0,1,1,1|0,0,0,0,1,1,1
FPX_DIVMOD|2|0,1|0,0,0,1,1,1|0|0,1
FPX_DIVMOD_FAST|2|0,1|0,0,0,1,1,1|0|0,1
FPX_GCD|2|0,1|0,0,0,1,1,1|0,1
FPX_GCDEXT|2|0,1|0,0,0,1,1,1|0,1|1|0
FPX_MUL|2|0,1,1,1,0,1,1|1|0,1,1,1,0,1,1
FPX_KARA|2|0,1,1,1,0,1,1|1|0,1,1,1,0,1,1
FPX_DIVMOD|2|0,1,1,1,0,1,1|1|0,1,1,1,0,1,1|0
FPX_DIVMOD_FAST|2|0,1,1,1,0,1,1|1|0,1,1,1,0,1,1|0
FPX_GCD|2|0,1,1,1,0,1,1|1|1
FPX_GCDEXT|2|0,1,1,1,0,1,1|1|1|0|1
FPX_MUL|2|0,1,1|0,1,0,1,1,1|0,0,1,1,1,0,0,1
FPX_KARA|2|0,1,1|0,1,0,1,1,1|0,0,1,1,1,0,0,1
FPX_DIVMOD|2|0,1,1|0,1,0,1,1,1|0|0,1,1
FPX_DIVMOD_FAST|2|0,1,1|0,1,0,1,1,1|0|0,1,1
FPX_GCD|2|0,1,1|0,1,0,1,1,1|0,1,1
FPX_GCDEXT|2|0,1,1|0,1,0,1,1,1|0,1,1|1|0
FPX_MUL|2|1,0,1,0,0,1,0,1|1|1,0,1,0,0,1,0,1
FPX_KARA|2|1,0,1,0,0,1,0,1|1|1,0,1,0,0,1,0,1
FPX_DIVMOD|2|1,0,1,0,0,1,0,1|1|1,0,1,0,0,1,0,1|0
FPX_DIVMOD_FAST|2|1,0,1,0,0,1,0,1|1|1,0,1,0,0,1,0,1|0
FPX_GCD|2|1,0,1,0,0,1,0,1|1|1
FPX_GCDEXT|2|1,0,1,0,0,1,0,1|1|1|0|1
FPX_MUL|2|1|0,0,0,1,0,1|0,0,0,1,0,1
FPX_KARA|2|1|0,0,0,1,0,1|0,0,0,1,0,1
FPX_DIVMOD|2|1|0,0,0,1,0,1|0|1
FPX_DIVMOD_FAST|2|1|0,0,0,1,0,1|0|1
FPX_GCD|2|1|0,0,0,1,0,1|1
FPX_GCDEXT|2|1|0,0,0,1,0,1|1|1|0
FPX_MUL|2|0,0,0,1|1,0,0,1|0,0,0,1,0,0,1
FPX_KARA|2|0,0,0,1|1,0,0,1|0,0,0,1,0,0,1
FPX_DIVMOD|2|0,0,0,1|1,0,0,1|1|1
FPX_DIVMOD_FAST|2|0,0,0,1|1,0,0,1|1|1
FPX_GCD|2|0,0,0,1|1,0,0,1|1
FPX_GCDEXT|2|0,0,0,1|1,0,0,1|1|1|1
FPX_MUL|2|0,1,0,1|1,1|0,1,1,1,1
FPX_KARA|2|0,1,0,1|1,1|0,1,1,1,1
FPX_DIVMOD|2|0,1,0,1|1,1|0,1,1|0
FPX_DIVMOD_FAST|2|0,1,0,1|1,1|0,1,1|0
FPX_GCD|2|0,1,0,1|1,1|1,1
FPX_GCDEXT|2|0,1,0,1|1,1|1,1|0|1
FPX_MUL|2|0,1,0,1,1,1,1|1,0,1,0,1,1|0,1,0,0,1,1,1,0,1,0,0,1
FPX_KARA|2|0,1,0,1,1,1,1|1,0,1,0,1,1|0,1,0,0,1,1,1,0,1,0,0,1
FPX_DIVMOD|2|0,1,0,1,1,1,1|1,0,1,0,1,1|0,1|0,0,0,0,1
FPX_DIVMOD_FAST|2|0,1,0,1,1,1,1|1,0,1,0,1,1|0,1|0,0,0,0,1
FPX_GCD|2|0,1,0,1,1,1,1|1,0,1,0,1,1|1
FPX_GCDEXT|2|0,1,0,1,1,1,1|1,0,1,0,1,1|1|0,1,1,1|1,0,0,1,1
FPX_IRRED|2|1,0,0,1|0
FPX_IRRED|2|1,0,0,0,1|0
FPX_IRRED|2|0,1,0,1,0,1|0
FPX_IRRED|2|0,1,0,1,0,1|0
FPX_IRRED|2|0,0,1,1|0
FPX_IRRED|2|0,1|1
FPX_IRRED|2|1,0,0,1|0
FPX_IRRED|2|1,0,1,1|1
FPX_IRRED|2|0,0,1|0
FPX_IRRED|2|1,1,0,0,0,1|0
FPX_FACTOR|2|1,0,0,0,1|1,1:4|1
FPX_FACTOR|2|1,1,0,0,0,0,0,0,1,1|1,1:9|1
FPX_FACTOR|2|0,1,1,1|0,1:1;1,1,1:1|1
FPX_FACTOR|2|0,0,0,0,0,0,1,1,1,1|0,1,1:3|0
FPX_FACTOR|2|0,0,1|0,1:2|1
FPX_FACTOR|2|0,0,1,0,0,0,1,0,1,0,0,0,1|0,1,1:2;1,1,1:2|0
FPX_FACTOR|2|0,0,0,0,0,0,0,0,0,0,1|0,1:10|1
FPX_FACTOR|2|0,0,0,0,0,1,0,1|0,1,1:2|0
FPX_MUL|3|0,0,2,0,0,1|2|0,0,1,0,0,2
FPX_KARA|3|0,0,2,0,0,1|2|0,0,1,0,0,2
FPX_DIVMOD|3|0,0,2,0,0,1|2|0,0,1,0,0,2|0
FPX_DIVMOD_FAST|3|0,0,2,0,0,1|2|0,0,1,0,0,2|0
FPX_GCD|3|0,0,2,0,0,1|2|1
FPX_GCDEXT|3|0,0,2,0,0,1|2|1|0|2
FPX_MUL|3|0,0,1,2,2|2,1|0,0,2,2,0,2
FPX_KARA|3|0,0,1,2,2|2,1|0,0,2,2,0,2
FPX_DIVMOD|3|0,0,1,2,2|2,1|2,2,1,2|2
FPX_DIVMOD_FAST|3|0,0,1,2,2|2,1|2,2,1,2|2
FPX_GCD|3|0,0,1,2,2|2,1|1
FPX_GCDEXT|3|0,0,1,2,2|2,1|1|2|2,2,1,2
FPX_MUL|3|0,1,2,2,0,2,0,1|1,2|0,1,1,0,1,2,1,1,2
FPX_KARA|3|0,1,2,2,0,2,0,1|1,2|0,1,1,0,1,2,1,1,2
FPX_DIVMOD|3|0,1,2,2,0,2,0,1|1,2|1,2,1,0,0,2,2|2
FPX_DIVMOD_FAST|3|0,1,2,2,0,2,0,1|1,2|1,2,1,0,0,2,2|2
FPX_GCD|3|0,1,2,2,0,2,0,1|1,2|1
FPX_GCDEXT|3|0,1,2,2,0,2,0,1|1,2|1|2|1,2,1,0,0,2,2
FPX_MUL|3|1,1,1,2,1|0,0,2,0,2|0,0,2,2,1,0,1,1,2
FPX_KARA|3|1,1,1,2,1|0,0,2,0,2|0,0,2,2,1,0,1,1,2
FPX_DIVMOD|3|1,1,1,2,1|0,0,2,0,2|2|1,1,0,2
FPX_DIVMOD_FAST|3|1,1,1,2,1|0,0,2,0,2|2|1,1,0,2
FPX_GCD|3|1,1,1,2,1|0,0,2,0,2|1
FPX_GCDEXT|3|1,1,1,2,1|0,0,2,0,2|1|1,2,2|2,0,2
FPX_MUL|3|1,1,0,1,0,1,0,2|1,0,2|1,1,2,0,0,0,0,1,0,1
FPX_KARA|3|1,1,0,1,0,1,0,2|1,0,2|1,1,2,0,0,0,0,1,0,1
FPX_DIVMOD|3|1,1,0,1,0,1,0,2|1,0,2|0,2,0,0,0,1|1,2
FPX_DIVMOD_FAST|3|1,1,0,1,0,1,0,2|1,0,2|0,2,0,0,0,1|1,2
FPX_GCD|3|1,1,0,1,0,1,0,2|1,0,2|2,1
FPX_GCDEXT|3|1,1,0,1,0,1,0,2|1,0,2|2,1|2|0,2,0,0,0,1
FPX_MUL|3|1,2,1,2,0,2|2,1|2,2,1,2,2,1,2
FPX_KARA|3|1,2,1,2,0,2|2,1|2,2,1,2,2,1,2
FPX_DIVMOD|3|1,2,1,2,0,2|2,1|1,2,1,2,2|2
FPX_DIVMOD_FAST|3|1,2,1,2,0,2|2,1|1,2,1,2,2|2
FPX_GCD|3|1,2,1,2,0,2|2,1|1
FPX_GCDEXT|3|1,2,1,2,0,2|2,1|1|2|1,2,1,2,2
FPX_MUL|3|1,0,2,1,2,2,0,1|2|2,0,1,2,1,1,0,2
FPX_KARA|3|1,0,2,1,2,2,0,1|2|2,0,1,2,1,1,0,2
FPX_DIVMOD|3|1,0,2,1,2,2,0,1|2|2,0,1,2,1,1,0,2|0
FPX_DIVMOD_FAST|3|1,0,2,1,2,2,0,1|2|2,0,1,2,1,1,0,2|0
FPX_GCD|3|1,0,2,1,2,2,0,1|2|1
FPX_GCDEXT|3|1,0,2,1,2,2,0,1|2|1|0|2
FPX_MUL|3|1,0,2|1,2,2,0,2|1,2,1,1,0,0,1
FPX_KARA|3|1,0,2|1,2,2,0,2|1,2,1,1,0,0,1
FPX_DIVMOD|3|1,0,2|1,2,2,0,2|0|1,0,2
FPX_DIVMOD_FAST|3|1,0,2|1,2,2,0,2|0|1,0,2
FPX_GCD|3|1,0,2|1,2,2,0,2|1,1
FPX_GCDEXT|3|1,0,2|1,2,2,0,2|1,1|2,0,1|2
FPX_MUL|3|1|1,2,2,2|1,2,2,2
FPX_KARA|3|1|1,2,2,2|1,2,2,2
FPX_DIVMOD|3|1|1,2,2,2|0|1
FPX_DIVMOD_FAST|3|1|1,2,2,2|0|1
FPX_GCD|3|1|1,2,2,2|1
FPX_GCDEXT|3|1|1,2,2,2|1|1|0
FPX_MUL|3|1,2|2,1,0,1|2,2,2,1,2
FPX_KARA|3|1,2|2,1,0,1|2,2,2,1,2
FPX_DIVMOD|3|1,2|2,1,0,1|0|1,2
FPX_DIVMOD_FAST|3|1,2|2,1,0,1|0|1,2
FPX_GCD|3|1,2|2,1,0,1|1
FPX_GCDEXT|3|1,2|2,1,0,1|1|2,1,1|1
FPX_MUL|3|1,1|1,1|1,2,1
FPX_KARA|3|1,1|1,1|1,2,1
FPX_DIVMOD|3|1,1|1,1|1|0
FPX_DIVMOD_FAST|3|1,1|1,1|1|0
FPX_GCD|3|1,1|1,1|1,1
FPX_GCDEXT|3|1,1|1,1|1,1|0|1
FPX_MUL|3|2,1,0,1|2,0,2|1,2,1,1,0,2
FPX_KARA|3|2,1,0,1|2,0,2|1,2,1,1,0,2
FPX_DIVMOD|3|2,1,0,1|2,0,2|0,2|2
FPX_DIVMOD_FAST|3|2,1,0,1|2,0,2|0,2|2
FPX_GCD|3|2,1,0,1|2,0,2|1
FPX_GCDEXT|3|2,1,0,1|2,0,2|1|2|0,2
FPX_IRRED|3|0,1,2,1|0
FPX_IRRED|3|1,0,2,1,1|0
FPX_IRRED|3|2,2,1,0,1,2|0
FPX_IRRED|3|2,2|1
FPX_IRRED|3|1,2|1
FPX_IRRED|3|0,2,2,2|0
FPX_IRRED|3|1,0,0,1,2|1
FPX_IRRED|3|2,0,1,2,1|0
FPX_IRRED|3|2,2,2,0,2,2|1
FPX_IRRED|3|1,0,1,1,2|0
FPX_FACTOR|3|2,0,1,2,2,2|1,0,1:1;2,1:1;2,2,1:1|0
FPX_FACTOR|3|1,1,2,2,0,1,0,2,1,2,2,1,1,1,1|1,2,0,1:2;2,1:4;2,1,1:2|1
FPX_FACTOR|3|1,1,1|2,1:2|1
FPX_FACTOR|3|0,2,0,1,0,1,1,1,1|0,1:1;1,1:5;2,2,1:1|1
FPX_FACTOR|3|0,2,0,2|0,1:1;1,0,1:1|0
FPX_FACTOR|3|1,0,0,0,2,1,0,0,1,1,1|1,1:4;2,2,0,1:2|1
FPX_FACTOR|3|1,0,0,1,0,2,2,1,1|1,0,1:1;1,1:2;2,1,1:2|1
FPX_FACTOR|3|0,1,2,2,2,1|0,1:1;1,0,1:1;1,1:2|1
FPX_MUL|5|1|0,2,0,2|0,2,0,2
FPX_KARA|5|1|0,2,0,2|0,2,0,2
FPX_DIVMOD|5|1|0,2,0,2|0|1
FPX_DIVMOD_FAST|5|1|0,2,0,2|0|1
FPX_GCD|5|1|0,2,0,2|1
FPX_GCDEXT|5|1|0,2,0,2|1|1|0
FPX_MUL|5|3,0,2,3,2,3|2|1,0,4,1,4,1
FPX_KARA|5|3,0,2,3,2,3|2|1,0,4,1,4,1
FPX_DIVMOD|5|3,0,2,3,2,3|2|4,0,1,4,1,4|0
FPX_DIVMOD_FAST|5|3,0,2,3,2,3|2|4,0,1,4,1,4|0
FPX_GCD|5|3,0,2,3,2,3|2|1
FPX_GCDEXT|5|3,0,2,3,2,3|2|1|0|3
FPX_MUL|5|2|3,1,2,4,2|1,2,4,3,4
FPX_KARA|5|2|3,1,2,4,2|1,2,4,3,4
FPX_DIVMOD|5|2|3,1,2,4,2|0|2
FPX_DIVMOD_FAST|5|2|3,1,2,4,2|0|2
FPX_GCD|5|2|3,1,2,4,2|1
FPX_GCDEXT|5|2|3,1,2,4,2|1|3|0
FPX_MUL|5|1,1|1,4,4|1,0,3,4
FPX_KARA|5|1,1|1,4,4|1,0,3,4
FPX_DIVMOD|5|1,1|1,4,4|0|1,1
FPX_DIVMOD_FAST|5|1,1|1,4,4|0|1,1
FPX_GCD|5|1,1|1,4,4|1
FPX_GCDEXT|5|1,1|1,4,4|1|0,1|1
FPX_MUL|5|2,1|1,2,1|2,0,4,1
FPX_KARA|5|2,1|1,2,1|2,0,4,1
FPX_DIVMOD|5|2,1|1,2,1|0|2,1
FPX_DIVMOD_FAST|5|2,1|1,2,1|0|2,1
FPX_GCD|5|2,1|1,2,1|1
FPX_GCDEXT|5|2,1|1,2,1|1|0,4|1
FPX_MUL|5|4,3,0,4,2,1,2,2|1,4,4|4,4,3,1,3,0,4,4,1,3
FPX_KARA|5|4,3,0,4,2,1,2,2|1,4,4|4,4,3,1,3,0,4,4,1,3
FPX_DIVMOD|5|4,3,0,4,2,1,2,2|1,4,4|4,2,1,2,0,3|0
FPX_DIVMOD_FAST|5|4,3,0,4,2,1,2,2|1,4,4|4,2,1,2,0,3|0
FPX_GCD|5|4,3,0,4,2,1,2,2|1,4,4|4,1,1
FPX_GCDEXT|5|4,3,0,4,2,1,2,2|1,4,4|4,1,1|0|4
FPX_MUL|5|0,1,3,4,1,0,3,2|0,0,4,4,3,1|0,0,0,4,1,1,0,4,4,1,2,4,2
FPX_KARA|5|0,1,3,4,1,0,3,2|0,0,4,4,3,1|0,0,0,4,1,1,0,4,4,1,2,4,2
FPX_DIVMOD|5|0,1,3,4,1,0,3,2|0,0,4,4,3,1|1,2,2|0,1,4,2,2
FPX_DIVMOD_FAST|5|0,1,3,4,1,0,3,2|0,0,4,4,3,1|1,2,2|0,1,4,2,2
FPX_GCD|5|0,1,3,4,1,0,3,2|0,0,4,4,3,1|0,2,1
FPX_GCDEXT|5|0,1,3,4,1,0,3,2|0,0,4,4,3,1|0,2,1|2,1|1,0,4,3
FPX_MUL|5|0,2,0,3,2,4,2|2,1,4|0,4,2,4,2,2,1,3,3
FPX_KARA|5|0,2,0,3,2,4,2|2,1,4|0,4,2,4,2,2,1,3,3
FPX_DIVMOD|5|0,2,0,3,2,4,2|2,1,4|4,3,3,4,3|2,2
FPX_DIVMOD_FAST|5|0,2,0,3,2,4,2|2,1,4|4,3,3,4,3|2,2
FPX_GCD|5|0,2,0,3,2,4,2|2,1,4|1,1
FPX_GCDEXT|5|0,2,0,3,2,4,2|2,1,4|1,1|3|3,1,1,3,1
FPX_MUL|5|3,0,4|2,4,4,0,1,4|1,2,0,1,4,2,4,1
FPX_KARA|5|3,0,4|2,4,4,0,1,4|1,2,0,1,4,2,4,1
FPX_DIVMOD|5|3,0,4|2,4,4,0,1,4|0|3,0,4
FPX_DIVMOD_FAST|5|3,0,4|2,4,4,0,1,4|0|3,0,4
FPX_GCD|5|3,0,4|2,4,4,0,1,4|1
FPX_GCDEXT|5|3,0,4|2,4,4,0,1,4|1|4,4,2,3|2
FPX_MUL|5|2,2,2,1,1,4,1|2,1,3|4,1,2,0,4,2,4,3,3
FPX_KARA|5|2,2,2,1,1,4,1|2,1,3|4,1,2,0,4,2,4,3,3
FPX_DIVMOD|5|2,2,2,1,1,4,1|2,1,3|2,4,1,4,2|3,2
FPX_DIVMOD_FAST|5|2,2,2,1,1,4,1|2,1,3|2,4,1,4,2|3,2
FPX_GCD|5|2,2,2,1,1,4,1|2,1,3|1
FPX_GCDEXT|5|2,2,2,1,1,4,1|2,1,3|1|3,1|0,1,3,2,0,3
FPX_MUL|5|4|2,4,1,4,2|3,1,4,1,3
FPX_KARA|5|4|2,4,1,4,2|3,1,4,1,3
FPX_DIVMOD|5|4|2,4,1,4,2|0|4
FPX_DIVMOD_FAST|5|4|2,4,1,4,2|0|4
FPX_GCD|5|4|2,4,1,4,2|1
FPX_GCDEXT|5|4|2,4,1,4,2|1|4|0
FPX_MUL|5|2|3,2|1,4
FPX_KARA|5|2|3,2|1,4
FPX_DIVMOD|5|2|3,2|0|2
FPX_DIVMOD_FAST|5|2|3,2|0|2
FPX_GCD|5|2|3,2|1
FPX_GCDEXT|5|2|3,2|1|3|0
FPX_IRRED|5|0,1,3,1|0
FPX_IRRED|5|0,1,3,1|0
FPX_IRRED|5|1,1,3|0
FPX_IRRED|5|4,2,4,3|1
FPX_IRRED|5|0,3|1
FPX_IRRED|5|2,3,3,0,4|1
FPX_IRRED|5|2,2,4,1,1,4|0
FPX_IRRED|5|4,3,0,2,3|0
FPX_IRRED|5|2,1,1,2,2,3|1
FPX_IRRED|5|4,3|1
FPX_FACTOR|5|0,1,4,0,2,0,2,3,0,4|0,1:1;1,1:2;3,1:6|0
FPX_FACTOR|5|0,0,0,0,2,4,1|0,1:4;2,4,1:1|1
FPX_FACTOR|5|0,0,4,2,4|0,1:2;4,1:2|0
FPX_FACTOR|5|3,2,2,0,0,2,2,4,3,0,2|2,1:3;3,1:1;4,1:3;4,4,4,1:1|0
FPX_FACTOR|5|0,0,1,2,4,0,3,2,3|0,1:2;3,0,1:1;3,1:2;4,1:2|0
FPX_FACTOR|5|4,3,0,1,1|3,3,1:2|1
FPX_FACTOR|5|3,1,4,0,3|2,1:1;3,2,3,1:1|0
FPX_FACTOR|5|1,2,2,3|2,4,4,1:1|0
FPX_MUL|7|4,4,5,2|2,3,3,4,3,4|1,6,6,5,0,5,4,5,1
FPX_KARA|7|4,4,5,2|2,3,3,4,3,4|1,6,6,5,0,5,4,5,1
FPX_DIVMOD|7|4,4,5,2|2,3,3,4,3,4|0|4,4,5,2
FPX_DIVMOD_FAST|7|4,4,5,2|2,3,3,4,3,4|0|4,4,5,2
FPX_GCD|7|4,4,5,2|2,3,3,4,3,4|1
FPX_GCDEXT|7|4,4,5,2|2,3,3,4,3,4|1|2,1,5,5,2|0,1,6
FPX_MUL|7|1|3,4,4,0,1|3,4,4,0,1
FPX_KARA|7|1|3,4,4,0,1|3,4,4,0,1
FPX_DIVMOD|7|1|3,4,4,0,1|0|1
FPX_DIVMOD_FAST|7|1|3,4,4,0,1|0|1
FPX_GCD|7|1|3,4,4,0,1|1
FPX_GCDEXT|7|1|3,4,4,0,1|1|1|0
FPX_MUL|7|6,2,6,4|4,2|3,6,0,0,1
FPX_KARA|7|6,2,6,4|4,2|3,6,0,0,1
FPX_DIVMOD|7|6,2,6,4|4,2|3,6,2|1
FPX_DIVMOD_FAST|7|6,2,6,4|4,2|3,6,2|1
FPX_GCD|7|6,2,6,4|4,2|1
FPX_GCDEXT|7|6,2,6,4|4,2|1|1|4,1,5
FPX_MUL|7|2,5,2,3,6|5|3,4,3,1,2
FPX_KARA|7|2,5,2,3,6|5|3,4,3,1,2
FPX_DIVMOD|7|2,5,2,3,6|5|6,1,6,2,4|0
FPX_DIVMOD_FAST|7|2,5,2,3,6|5|6,1,6,2,4|0
FPX_GCD|7|2,5,2,3,6|5|1
FPX_GCDEXT|7|2,5,2,3,6|5|1|0|3
FPX_MUL|7|3,2,3,3,3|6|4,5,4,4,4
FPX_KARA|7|3,2,3,3,3|6|4,5,4,4,4
FPX_DIVMOD|7|3,2,3,3,3|6|4,5,4,4,4|0
FPX_DIVMOD_FAST|7|3,2,3,3,3|6|4,5,4,4,4|0
FPX_GCD|7|3,2,3,3,3|6|1
FPX_GCDEXT|7|3,2,3,3,3|6|1|0|6
FPX_MUL|7|2,4,1,3,1|5,6,5,2,6,3|3,4,4,3,6,4,1,2,1,3
FPX_KARA|7|2,4,1,3,1|5,6,5,2,6,3|3,4,4,3,6,4,1,2,1,3
FPX_DIVMOD|7|2,4,1,3,1|5,6,5,2,6,3|0|2,4,1,3,1
FPX_DIVMOD_FAST|7|2,4,1,3,1|5,6,5,2,6,3|0|2,4,1,3,1
FPX_GCD|7|2,4,1,3,1|5,6,5,2,6,3|1
FPX_GCDEXT|7|2,4,1,3,1|5,6,5,2,6,3|1|5,5,5,1,1|1,4,4,2
FPX_MUL|7|5,3,5|0,4,2,4,6,2|0,6,1,4,3,6,1,3
FPX_KARA|7|5,3,5|0,4,2,4,6,2|0,6,1,4,3,6,1,3
FPX_DIVMOD|7|5,3,5|0,4,2,4,6,2|0|5,3,5
FPX_DIVMOD_FAST|7|5,3,5|0,4,2,4,6,2|0|5,3,5
FPX_GCD|7|5,3,5|0,4,2,4,6,2|1
FPX_GCDEXT|7|5,3,5|0,4,2,4,6,2|1|3,1,3,4,4|0,4
FPX_MUL|7|0,3,1,2,1,4,1,3|0,3|0,0,2,3,6,3,5,3,2
FPX_KARA|7|0,3,1,2,1,4,1,3|0,3|0,0,2,3,6,3,5,3,2
FPX_DIVMOD|7|0,3,1,2,1,4,1,3|0,3|1,5,3,5,6,5,1|0
FPX_DIVMOD_FAST|7|0,3,1,2,1,4,1,3|0,3|1,5,3,5,6,5,1|0
FPX_GCD|7|0,3,1,2,1,4,1,3|0,3|0,1
FPX_GCDEXT|7|0,3,1,2,1,4,1,3|0,3|0,1|0|5
FPX_MUL|7|3,0,1,3,1,5|4|5,0,4,5,4,6
FPX_KARA|7|3,0,1,3,1,5|4|5,0,4,5,4,6
FPX_DIVMOD|7|3,0,1,3,1,5|4|6,0,2,6,2,3|0
FPX_DIVMOD_FAST|7|3,0,1,3,1,5|4|6,0,2,6,2,3|0
FPX_GCD|7|3,0,1,3,1,5|4|1
FPX_GCDEXT|7|3,0,1,3,1,5|4|1|0|2
FPX_MUL|7|3,6,1,5,3,0,3,2|6,4,1|4,6,5,5,4,3,0,3,4,2
FPX_KARA|7|3,6,1,5,3,0,3,2|6,4,1|4,6,5,5,4,3,0,3,4,2
FPX_DIVMOD|7|3,6,1,5,3,0,3,2|6,4,1|1,2,1,1,2,2|4,4
FPX_DIVMOD_FAST|7|3,6,1,5,3,0,3,2|6,4,1|1,2,1,1,2,2|4,4
FPX_GCD|7|3,6,1,5,3,0,3,2|6,4,1|1
FPX_GCDEXT|7|3,6,1,5,3,0,3,2|6,4,1|1|5,4|0,0,1,5,0,3,6
FPX_MUL|7|6,4,3,4|0,1|0,6,4,3,4
FPX_KARA|7|6,4,3,4|0,1|0,6,4,3,4
FPX_DIVMOD|7|6,4,3,4|0,1|4,3,4|6
FPX_DIVMOD_FAST|7|6,4,3,4|0,1|4,3,4|6
FPX_GCD|7|6,4,3,4|0,1|1
FPX_GCDEXT|7|6,4,3,4|0,1|1|6|4,3,4
FPX_MUL|7|5,4,4,3,1,4,3|4,3,2|6,3,3,4,0,4,5,3,6
FPX_KARA|7|5,4,4,3,1,4,3|4,3,2|6,3,3,4,0,4,5,3,6
FPX_DIVMOD|7|5,4,4,3,1,4,3|4,3,2|0,3,4,5,5|5,6
FPX_DIVMOD_FAST|7|5,4,4,3,1,4,3|4,3,2|0,3,4,5,5|5,6
FPX_GCD|7|5,4,4,3,1,4,3|4,3,2|1
FPX_GCDEXT|7|5,4,4,3,1,4,3|4,3,2|1|1,5|6,4,2,3,5,3
FPX_IRRED|7|3,0,2,3,1,3|0
FPX_IRRED|7|1,6|1
FPX_IRRED|7|2,4,3,4,2,2|0
FPX_IRRED|7|2,6,5,4,2|0
FPX_IRRED|7|0,4,1|0
FPX_IRRED|7|2,6,2,4,6|0
FPX_IRRED|7|3,6,2|1
FPX_IRRED|7|4,3,3,6|0
FPX_IRRED|7|0,3,1,3,4|0
FPX_IRRED|7|6,0,0,2,4|1
FPX_FACTOR|7|4,0,4,5,1,6,2|1,1:4;3,1:2|0
FPX_FACTOR|7|5,5,6|2,2,1:1|0
FPX_FACTOR|7|0,0,1|0,1:2|1
FPX_FACTOR|7|4,1,6,3|1,3,1:1;6,1:1|0
FPX_FACTOR|7|6,3,6|1,4,1:1|0
FPX_FACTOR|7|0,4,6,0,2,2,2,6,2,4|0,1:1;3,5,1:2;5,1:2;6,1:2|0
FPX_FACTOR|7|0,0,2,2,3|0,1:2;4,1:1;6,1:1|0
FPX_FACTOR|7|6,5,3,0,4,1,1,3|2,1:1;2,2,1:2;3,1:2|0
FPX_MUL|13|10,12,5|11,3,10|6,6,9,5,11
FPX_KARA|13|10,12,5|11,3,10|6,6,9,5,11
FPX_DIVMOD|13|10,12,5|11,3,10|7|11,4
FPX_DIVMOD_FAST|13|10,12,5|11,3,10|7|11,4
FPX_GCD|13|10,12,5|11,3,10|1
FPX_GCDEXT|13|10,12,5|11,3,10|1|12,2|1,12
FPX_MUL|13|11,10,2,9,9,5,11,3|3,7,5|7,3,1,0,9,6,9,7,11,2
FPX_KARA|13|11,10,2,9,9,5,11,3|3,7,5|7,3,1,0,9,6,9,7,11,2
FPX_DIVMOD|13|11,10,2,9,9,5,11,3|3,7,5|2,6,5,3,5,11|5,4
FPX_DIVMOD_FAST|13|11,10,2,9,9,5,11,3|3,7,5|2,6,5,3,5,11|5,4
FPX_GCD|13|11,10,2,9,9,5,11,3|3,7,5|1
FPX_GCDEXT|13|11,10,2,9,9,5,11,3|3,7,5|1|7,12|5,12,10,10,7,6,11
FPX_MUL|13|10,7,1|3,11,12,7,5|4,1,5,9,7,3,5
FPX_KARA|13|10,7,1|3,11,12,7,5|4,1,5,9,7,3,5
FPX_DIVMOD|13|10,7,1|3,11,12,7,5|0|10,7,1
FPX_DIVMOD_FAST|13|10,7,1|3,11,12,7,5|0|10,7,1
FPX_GCD|13|10,7,1|3,11,12,7,5|1
FPX_GCDEXT|13|10,7,1|3,11,12,7,5|1|1,11,11,10|10,11
FPX_MUL|13|1,10,10|3,3,8,9,9,3|3,7,3,2,10,1,3,4
FPX_KARA|13|1,10,10|3,3,8,9,9,3|3,7,3,2,10,1,3,4
FPX_DIVMOD|13|1,10,10|3,3,8,9,9,3|0|1,10,10
FPX_DIVMOD_FAST|13|1,10,10|3,3,8,9,9,3|0|1,10,10
FPX_GCD|13|1,10,10|3,3,8,9,9,3|1
FPX_GCDEXT|13|1,10,10|3,3,8,9,9,3|1|9,11,1,9,8|6,8
FPX_MUL|13|6,2,1,0,12|10,3,1|8,12,9,5,4,10,12
FPX_KARA|13|6,2,1,0,12|10,3,1|8,12,9,5,4,10,12
FPX_DIVMOD|13|6,2,1,0,12|10,3,1|2,3,12|12,5
FPX_DIVMOD_FAST|13|6,2,1,0,12|10,3,1|2,3,12|12,5
FPX_GCD|13|6,2,1,0,12|10,3,1|1
FPX_GCDEXT|13|6,2,1,0,12|10,3,1|1|6,10|3,1,2,10
FPX_MUL|13|1,3,1|8,4,5|8,2,12,6,5
FPX_KARA|13|1,3,1|8,4,5|8,2,12,6,5
FPX_DIVMOD|13|1,3,1|8,4,5|8|2,10
FPX_DIVMOD_FAST|13|1,3,1|8,4,5|8|2,10
FPX_GCD|13|1,3,1|8,4,5|1
FPX_GCDEXT|13|1,3,1|8,4,5|1|4,11|11,3
FPX_MUL|13|9,0,4,7,10,6,4,11|1,9|9,3,4,4,8,5,6,8,8
FPX_KARA|13|9,0,4,7,10,6,4,11|1,9|9,3,4,4,8,5,6,8,8
FPX_DIVMOD|13|9,0,4,7,10,6,4,11|1,9|11,5,11,12,6,4,7|11
FPX_DIVMOD_FAST|13|9,0,4,7,10,6,4,11|1,9|11,5,11,12,6,4,7|11
FPX_GCD|13|9,0,4,7,10,6,4,11|1,9|1
FPX_GCDEXT|13|9,0,4,7,10,6,4,11|1,9|1|6|12,9,12,6,3,2,10
FPX_MUL|13|4,1,1,2,1,11,4,11|9,9,10,8,10,11|10,6,6,4,7,8,0,11,12,3,2,11,4
FPX_KARA|13|4,1,1,2,1,11,4,11|9,9,10,8,10,11|10,6,6,4,7,8,0,11,12,3,2,11,4
FPX_DIVMOD|13|4,1,1,2,1,11,4,11|9,9,10,8,10,11|7,3,1|6,2,12,11,1
FPX_DIVMOD_FAST|13|4,1,1,2,1,11,4,11|9,9,10,8,10,11|7,3,1|6,2,12,11,1
FPX_GCD|13|4,1,1,2,1,11,4,11|9,9,10,8,10,11|1
FPX_GCDEXT|13|4,1,1,2,1,11,4,11|9,9,10,8,10,11|1|11,10,11,9,11|1,2,7,10,2,10,2
FPX_MUL|13|10,9,0,1,11,10|12,5,10,4,5,1|3,2,2,12,2,6,4,6,5,9,10
FPX_KARA|13|10,9,0,1,11,10|12,5,10,4,5,1|3,2,2,12,2,6,4,6,5,9,10
FPX_DIVMOD|13|10,9,0,1,11,10|12,5,10,4,5,1|10|7,11,4
FPX_DIVMOD_FAST|13|10,9,0,1,11,10|12,5,10,4,5,1|10|7,11,4
FPX_GCD|13|10,9,0,1,11,10|12,5,10,4,5,1|1
FPX_GCDEXT|13|10,9,0,1,11,10|12,5,10,4,5,1|1|12,1,1,4,11|2,11,3,12,7
FPX_MUL|13|11|9,1,10|8,11,6
FPX_KARA|13|11|9,1,10|8,11,6
FPX_DIVMOD|13|11|9,1,10|0|11
FPX_DIVMOD_FAST|13|11|9,1,10|0|11
FPX_GCD|13|11|9,1,10|1
FPX_GCDEXT|13|11|9,1,10|1|6|0
FPX_MUL|13|9,8,2|7|11,4,1
FPX_KARA|13|9,8,2|7|11,4,1
FPX_DIVMOD|13|9,8,2|7|5,3,4|0
FPX_DIVMOD_FAST|13|9,8,2|7|5,3,4|0
FPX_GCD|13|9,8,2|7|1
FPX_GCDEXT|13|9,8,2|7|1|0|2
FPX_MUL|13|12,8,1,1|4,8|9,11,3,12,8
FPX_KARA|13|12,8,1,1|4,8|9,11,3,12,8
FPX_DIVMOD|13|12,8,1,1|4,8|3,9,5|0
FPX_DIVMOD_FAST|13|12,8,1,1|4,8|3,9,5|0
FPX_GCD|13|12,8,1,1|4,8|7,1
FPX_GCDEXT|13|12,8,1,1|4,8|7,1|0|5
FPX_IRRED|13|1,2,4,6,4,5|0
FPX_IRRED|13|11,9,5,2,10|0
FPX_IRRED|13|11,10,10,4|1
FPX_IRRED|13|12,3|1
FPX_IRRED|13|2,1|1
FPX_IRRED|13|5,0,11|0
FPX_IRRED|13|7,10,11|0
FPX_IRRED|13|11,9,6,4,5,10|0
FPX_IRRED|13|12,8,11,3,8,4|1
FPX_IRRED|13|3,1,1,9|0
FPX_FACTOR|13|9,8,5,3,10,10,5,2,2,11,5,9,12|2,10,2,1:2;4,8,1,1:1;6,1:1;7,1:1;12,1:1|0
FPX_FACTOR|13|4,10,10,2,6,1,3|2,1,1:2;10,1:2|0
FPX_FACTOR|13|6,9,10,4|3,1:1;7,6,1:1|0
FPX_FACTOR|13|0,0,9,10,7,10,5,2,10,8|0,1:2;5,8,1:2;7,3,8,1:1|0
FPX_FACTOR|13|9,9,10,6|8,8,6,1:1|0
FPX_FACTOR|13|0,1,3,3,11,5,4,5,7,11,7,9,11,3,5,5|0,1:1;2,12,1:1;4,1:2;5,12,9,1:2;6,1:2;8,1:2|0
FPX_FACTOR|13|10,12,7,12,5,10,6,10,3,1|2,1:2;5,1:2;7,9,2,1:1;8,0,1:1|1
FPX_FACTOR|13|0,0,6,8,5,7,8,3,1,12,5,4,5|0,1:2;3,12,1:2;6,1:2;10,1:2;12,2,1:1|0
FPX_MUL|101|59,36,7,20,10|34,40,46,93,6,8|87,49,49,23,13,33,24,96,18,80
FPX_KARA|101|59,36,7,20,10|34,40,46,93,6,8|87,49,49,23,13,33,24,96,18,80
FPX_DIVMOD|101|59,36,7,20,10|34,40,46,93,6,8|0|59,36,7,20,10
FPX_DIVMOD_FAST|101|59,36,7,20,10|34,40,46,93,6,8|0|59,36,7,20,10
FPX_GCD|101|59,36,7,20,10|34,40,46,93,6,8|1
FPX_GCDEXT|101|59,36,7,20,10|34,40,46,93,6,8|1|62,86,82,29,19|38,85,54,52
FPX_MUL|101|86|24,2,64,79|44,71,50,27
FPX_KARA|101|86|24,2,64,79|44,71,50,27
FPX_DIVMOD|101|86|24,2,64,79|0|86
FPX_DIVMOD_FAST|101|86|24,2,64,79|0|86
FPX_GCD|101|86|24,2,64,79|1
FPX_GCDEXT|101|86|24,2,64,79|1|74|0
FPX_MUL|101|79,60,92,0,91|39,85,1|51,66,81,2,5,59,91
FPX_KARA|101|79,60,92,0,91|39,85,1|51,66,81,2,5,59,91
FPX_DIVMOD|101|79,60,92,0,91|39,85,1|43,42,91|18,19
FPX_DIVMOD_FAST|101|79,60,92,0,91|39,85,1|43,42,91|18,19
FPX_GCD|101|79,60,92,0,91|39,85,1|1
FPX_GCDEXT|101|79,60,92,0,91|39,85,1|1|68,33|85,68,1,27
FPX_MUL|101|47,70,68,89|19,96,36,63,63,19|85,85,8,65,82,65,10,31,75
FPX_KARA|101|47,70,68,89|19,96,36,63,63,19|85,85,8,65,82,65,10,31,75
FPX_DIVMOD|101|47,70,68,89|19,96,36,63,63,19|0|47,70,68,89
FPX_DIVMOD_FAST|101|47,70,68,89|19,96,36,63,63,19|0|47,70,68,89
FPX_GCD|101|47,70,68,89|19,96,36,63,63,19|1
FPX_GCDEXT|101|47,70,68,89|19,96,36,63,63,19|1|75,40,99,30,63|75,91,77
FPX_MUL|101|12,17|13,75|55,10,63
FPX_KARA|101|12,17|13,75|55,10,63
FPX_DIVMOD|101|12,17|13,75|11|71
FPX_DIVMOD_FAST|101|12,17|13,75|11|71
FPX_GCD|101|12,17|13,75|1
FPX_GCDEXT|101|12,17|13,75|1|37|98
FPX_MUL|101|31,20,14,9,95,35,45,64|16,30,8,30|92,38,62,38,78,64,73,50,98,44,1
FPX_KARA|101|31,20,14,9,95,35,45,64|16,30,8,30|92,38,62,38,78,64,73,50,98,44,1
FPX_DIVMOD|101|31,20,14,9,95,35,45,64|16,30,8,30|25,49,19,64,56|35,1,60
FPX_DIVMOD_FAST|101|31,20,14,9,95,35,45,64|16,30,8,30|25,49,19,64,56|35,1,60
FPX_GCD|101|31,20,14,9,95,35,45,64|16,30,8,30|1
FPX_GCDEXT|101|31,20,14,9,95,35,45,64|16,30,8,30|1|92,3,1|68,61,100,66,91,71,45
FPX_MUL|101|57,18,26,16,67,2,6|58|74,34,94,19,48,15,45
FPX_KARA|101|57,18,26,16,67,2,6|58|74,34,94,19,48,15,45
FPX_DIVMOD|101|57,18,26,16,67,2,6|58|48,63,91,56,83,7,21|0
FPX_DIVMOD_FAST|101|57,18,26,16,67,2,6|58|48,63,91,56,83,7,21|0
FPX_GCD|101|57,18,26,16,67,2,6|58|1
FPX_GCDEXT|101|57,18,26,16,67,2,6|58|1|0|54
FPX_MUL|101|88,22|61,67,64,33|15,67,36,70,19
FPX_KARA|101|88,22|61,67,64,33|15,67,36,70,19
FPX_DIVMOD|101|88,22|61,67,64,33|0|88,22
FPX_DIVMOD_FAST|101|88,22|61,67,64,33|0|88,22
FPX_GCD|101|88,22|61,67,64,33|1
FPX_GCDEXT|101|88,22|61,67,64,33|1|55,42,42|73
FPX_MUL|101|70,88,42,31,69,80,3,92|51,26,3,56,11|35,46,95,90,49,96,93,24,65,11,34,2
FPX_KARA|101|70,88,42,31,69,80,3,92|51,26,3,56,11|35,46,95,90,49,96,93,24,65,11,34,2
FPX_DIVMOD|101|70,88,42,31,69,80,3,92|51,26,3,56,11|1,90,42,91|19,17,1,32
FPX_DIVMOD_FAST|101|70,88,42,31,69,80,3,92|51,26,3,56,11|1,90,42,91|19,17,1,32
FPX_GCD|101|70,88,42,31,69,80,3,92|51,26,3,56,11|1
FPX_GCDEXT|101|70,88,42,31,69,80,3,92|51,26,3,56,11|1|23,15,76,76|14,93,68,57,16,93,53
FPX_MUL|101|71,15,51,16,35,0,1,47|15,97,74|55,42,0,35,94,34,80,95,88,44
FPX_KARA|101|71,15,51,16,35,0,1,47|15,97,74|55,42,0,35,94,34,80,95,88,44
FPX_DIVMOD|101|71,15,51,16,35,0,1,47|15,97,74|15,57,86,66,67,2|48,28
FPX_DIVMOD_FAST|101|71,15,51,16,35,0,1,47|15,97,74|15,57,86,66,67,2|48,28
FPX_GCD|101|71,15,51,16,35,0,1,47|15,97,74|1
FPX_GCDEXT|101|71,15,51,16,35,0,1,47|15,97,74|1|30,2|87,78,33,70,80,8,97
FPX_MUL|101|26,71,26,65,10,96|15,12,94,44,80,71|87,64,50,15,94,79,54,47,44,7,49
FPX_KARA|101|26,71,26,65,10,96|15,12,94,44,80,71|87,64,50,15,94,79,54,47,44,7,49
FPX_DIVMOD|101|26,71,26,65,10,96|15,12,94,44,80,71|17|74,69,44,24,64
FPX_DIVMOD_FAST|101|26,71,26,65,10,96|15,12,94,44,80,71|17|74,69,44,24,64
FPX_GCD|101|26,71,26,65,10,96|15,12,94,44,80,71|1
FPX_GCDEXT|101|26,71,26,65,10,96|15,12,94,44,80,71|1|88,86,0,27,3|63,91,3,12,50
FPX_MUL|101|65|70,31,0,97,85,11|5,96,0,43,71,8
FPX_KARA|101|65|70,31,0,97,85,11|5,96,0,43,71,8
FPX_DIVMOD|101|65|70,31,0,97,85,11|0|65
FPX_DIVMOD_FAST|101|65|70,31,0,97,85,11|0|65
FPX_GCD|101|65|70,31,0,97,85,11|1
FPX_GCDEXT|101|65|70,31,0,97,85,11|1|14|0
FPX_IRRED|101|97,45,49|0
FPX_IRRED|101|94,78,9|1
FPX_IRRED|101|42,55|1
FPX_IRRED|101|3,21,95|1
FPX_IRRED|101|34,38,4|0
FPX_IRRED|101|9,39,17,35,56|0
FPX_IRRED|101|54,81,47,25,80,18|0
FPX_IRRED|101|87,5,99,27,22,29|0
FPX_IRRED|101|75,13|1
FPX_IRRED|101|53,14|1
FPX_FACTOR|101|46,83,75,12,53|31,1:1;56,1:1;70,1:2|0
FPX_FACTOR|101|26,65,65,39,38,82|29,1:2;40,1:2;62,1:1|0
FPX_FACTOR|101|96,50,29,76|53,1:1;93,63,1:1|0
FPX_FACTOR|101|30,78,52,96,86,14|8,1:2;71,1:1;75,1:2|0
FPX_FACTOR|101|23,69|34,1:1|0
FPX_FACTOR|101|61,30,95,72,79,44,77,4,43,88|13,85,1:1;15,1:2;21,7,1:2;93,1:1|0
FPX_FACTOR|101|71,13|21,1:1|0
FPX_FACTOR|101|47,34,21,82|47,1:1;61,1:2|0
FPX_POWMOD|7|1,2|6,4,3,5|13|1,2
FPX_POWMOD|7|4,5,3,5,5|1,3,6,1|5|1,3
FPX_POWMOD|7|0,3|1,3,3|23|6,6
FPX_POWMOD|7|2,6,0,3|6,2|13|1
FPX_POWMOD|7|1,6|5,2|13|0
FPX_POWMOD|7|4,1,3,1,2|5,2|20|2
FPX_POWMOD|7|4,0,3,3,5|5,6,3,6|20|4,1,4
FPX_POWMOD|7|3,6,3,4,1|4,3,2,3|14|1,1,2
FP_DFT|17|3|4|8,5,5,6,16,13,16,15,2,4,3,16,9,15,3,3|3,12,3,14,3,6,15,0,2,13,4,8,13,0,3,12
FP_IDFT|17|3|4|3,12,3,14,3,6,15,0,2,13,4,8,13,0,3,12|8,5,5,6,16,13,16,15,2,4,3,16,9,15,3,3
FP_DFT|17|3|4|7,10,7,13,14,1,2,6,12,6,10,1,16,10,7,6|9,5,15,0,2,3,12,6,5,1,1,15,10,3,13,12
FP_IDFT|17|3|4|9,5,15,0,2,3,12,6,5,1,1,15,10,3,13,12|7,10,7,13,14,1,2,6,12,6,10,1,16,10,7,6
FP_DFT|17|3|4|11,8,0,8,12,7,12,10,11,3,7,9,11,13,8,1|12,16,9,14,6,7,2,5,13,4,8,9,13,8,11,5
FP_IDFT|17|3|4|12,16,9,14,6,7,2,5,13,4,8,9,13,8,11,5|11,8,0,8,12,7,12,10,11,3,7,9,11,13,8,1
FP_DFT|17|3|4|4,10,6,1,13,0,14,6,2,5,15,2,11,0,11,16|14,6,1,7,7,0,3,2,2,12,12,1,12,9,14,13
FP_IDFT|17|3|4|14,6,1,7,7,0,3,2,2,12,12,1,12,9,14,13|4,10,6,1,13,0,14,6,2,5,15,2,11,0,11,16
FP_DFT|17|3|4|5,16,14,8,14,6,14,16,13,1,9,13,14,6,8,13|0,2,13,12,0,0,14,12,12,14,10,9,2,3,8,3
FP_IDFT|17|3|4|0,2,13,12,0,0,14,12,12,14,10,9,2,3,8,3|5,16,14,8,14,6,14,16,13,1,9,13,14,6,8,13
FP_DFT|17|3|4|16,13,1,13,14,6,13,1,3,15,14,11,1,9,4,3|1,7,4,16,10,2,14,12,12,2,3,5,11,3,12,6
FP_IDFT|17|3|4|1,7,4,16,10,2,14,12,12,2,3,5,11,3,12,6|16,13,1,13,14,6,13,1,3,15,14,11,1,9,4,3
FP_TOEP_LOWER|101|4|18,73,3,3|82,2,58,75|62,63,22,79
FP_TOEP_LOWER|101|4|69,82,34,100|36,31,62,68|60,41,65,88
FP_TOEP_LOWER|101|6|5,28,84,100,50,45|40,35,23,23,16,6|99,83,11,23,76,79
FP_TOEP_LOWER|101|6|6,2,31,58,65,0|20,57,31,83,67,74|19,79,11,53,75,69
FP_TOEP_LOWER|101|4|76,20,95,85|90,65,37,23|73,74,37,52
FP_TOEP_LOWER|101|6|16,30,45,19,98,15|42,1,67,62,90,46|66,64,63,7,47,46
FQX_MUL|3;1,0,1|3,4|1,5,7|3,0,5,2
FQX_DIVMOD|3;1,0,1|3,4|1,5,7|0|3,4
FQX_GCD|3;1,0,1|3,4|1,5,7|1
FQX_MUL|3;1,0,1|3,3,6,7,3,3|5,7,2,5,8|8,0,5,7,8,4,0,3,3,7
FQX_DIVMOD|3;1,0,1|3,3,6,7,3,3|5,7,2,5,8|6,4|2,6,4,7
FQX_GCD|3;1,0,1|3,3,6,7,3,3|5,7,2,5,8|1
FQX_MUL|3;1,0,1|5,6|3,4,7,3,2|8,2,4,4,8,3
FQX_DIVMOD|3;1,0,1|5,6|3,4,7,3,2|0|5,6
FQX_GCD|3;1,0,1|5,6|3,4,7,3,2|1
FQX_MUL|3;1,0,1|8,3,8|3,2,1|7,3,0,7,8
FQX_DIVMOD|3;1,0,1|8,3,8|3,2,1|8|1,2
FQX_GCD|3;1,0,1|8,3,8|3,2,1|1
FQX_MUL|3;1,0,1|5,7,0,3|3,1,3,2,4|8,6,3,1,6,1,6,5
FQX_DIVMOD|3;1,0,1|5,7,0,3|3,1,3,2,4|0|5,7,0,3
FQX_GCD|3;1,0,1|5,7,0,3|3,1,3,2,4|1
FQX_MUL|3;1,0,1|7,8,5,3,3,8|7,2,8,8,1|3,3,2,6,4,0,2,7,0,8
FQX_DIVMOD|3;1,0,1|7,8,5,3,3,8|7,2,8,8,1|6,8|2,4,8,4
FQX_GCD|3;1,0,1|7,8,5,3,3,8|7,2,8,8,1|1
FQX_MUL|3;1,0,1|8|5,4|2,3
FQX_DIVMOD|3;1,0,1|8|5,4|0|8
FQX_GCD|3;1,0,1|8|5,4|1
FQX_MUL|3;1,0,1|5,2|0,3|0,8,6
FQX_DIVMOD|3;1,0,1|5,2|0,3|3|5
FQX_GCD|3;1,0,1|5,2|0,3|1
FQX_MUL|3;1,0,1|5,7|5,3,8,8,6|3,5,3,0,5,8
FQX_DIVMOD|3;1,0,1|5,7|5,3,8,8,6|0|5,7
FQX_GCD|3;1,0,1|5,7|5,3,8,8,6|1
FQX_MUL|3;1,0,1|0,7,1|1,8|0,7,2,8
FQX_DIVMOD|3;1,0,1|0,7,1|1,8|0,7|0
FQX_GCD|3;1,0,1|0,7,1|1,8|7,1
FQX_IRRED|3;1,0,1|7,7,5|0
FQX_IRRED|3;1,0,1|4,7,6|1
FQX_IRRED|3;1,0,1|0,3,8,4,3|0
FQX_IRRED|3;1,0,1|1,7,3|0
FQX_IRRED|3;1,0,1|1,2,8|1
FQX_IRRED|3;1,0,1|0,8,3|0
FQX_FACTOR|3;1,0,1|0,0,1,8,6|0,1:2;5,1:2|0
FQX_FACTOR|3;1,0,1|2,1,5,2|3,1:1;8,1:2|0
FQX_FACTOR|3;1,0,1|5,6,5,8|2,1:1;5,1:2|0
FQX_FACTOR|3;1,0,1|6,1,3,5,4,0,2|1,1:2;5,2,1:2|0
FQX_FACTOR|3;1,0,1|5,4,8|6,2,1:1|0
FQX_MUL|3;1,2,0,1|3,26,3,24|25|19,21,19,10
FQX_DIVMOD|3;1,2,0,1|3,26,3,24|25|5,10,5,19|0
FQX_GCD|3;1,2,0,1|3,26,3,24|25|1
FQX_MUL|3;1,2,0,1|15,17,23,23|26|24,1,25,25
FQX_DIVMOD|3;1,2,0,1|15,17,23,23|26|14,6,11,11|0
FQX_GCD|3;1,2,0,1|15,17,23,23|26|1
FQX_MUL|3;1,2,0,1|14,11|11|24,25
FQX_DIVMOD|3;1,2,0,1|14,11|11|19,1|0
FQX_GCD|3;1,2,0,1|14,11|11|1
FQX_MUL|3;1,2,0,1|4,13,3|1|4,13,3
FQX_DIVMOD|3;1,2,0,1|4,13,3|1|4,13,3|0
FQX_GCD|3;1,2,0,1|4,13,3|1|1
FQX_MUL|3;1,2,0,1|15|6|16
FQX_DIVMOD|3;1,2,0,1|15|6|7|0
FQX_GCD|3;1,2,0,1|15|6|1
FQX_MUL|3;1,2,0,1|23,26,12|18|22,20,19
FQX_DIVMOD|3;1,2,0,1|23,26,12|18|7,15,10|0
FQX_GCD|3;1,2,0,1|23,26,12|18|1
FQX_MUL|3;1,2,0,1|6|7,25,22|15,11,20
FQX_DIVMOD|3;1,2,0,1|6|7,25,22|0|6
FQX_GCD|3;1,2,0,1|6|7,25,22|1
FQX_MUL|3;1,2,0,1|4,20,22,3,19|22|5,9,6,10,26
FQX_DIVMOD|3;1,2,0,1|4,20,22,3,19|22|18,6,1,17,23|0
FQX_GCD|3;1,2,0,1|4,20,22,3,19|22|1
FQX_MUL|3;1,2,0,1|7|20,5,2,25,15|25,26,5,6,22
FQX_DIVMOD|3;1,2,0,1|7|20,5,2,25,15|0|7
FQX_GCD|3;1,2,0,1|7|20,5,2,25,15|1
FQX_MUL|3;1,2,0,1|14,0,16,4|21,24,4|9,20,26,19,16,16
FQX_DIVMOD|3;1,2,0,1|14,0,16,4|21,24,4|7,1|6,16
FQX_GCD|3;1,2,0,1|14,0,16,4|21,24,4|1
FQX_IRRED|3;1,2,0,1|19,5,10,4|1
FQX_IRRED|3;1,2,0,1|24,9,6,22|1
FQX_IRRED|3;1,2,0,1|5,4|1
FQX_IRRED|3;1,2,0,1|11,2|1
FQX_IRRED|3;1,2,0,1|13,8,16,2|1
FQX_IRRED|3;1,2,0,1|18,5,9,7|0
FQX_FACTOR|3;1,2,0,1|8,11,9|24,1:2|0
FQX_FACTOR|3;1,2,0,1|13,14,8,23,7,19,15|5,1:2;7,1:2;20,1:2|0
FQX_FACTOR|3;1,2,0,1|11,19,16,20,12|8,1:2;12,21,1:1|0
FQX_FACTOR|3;1,2,0,1|11,26,5|2,1:1;8,1:1|0
FQX_FACTOR|3;1,2,0,1|9,21,8,10,10,7,22|6,1:2;14,1:2;23,1:2|0
FQX_MUL|5;2,0,1|11,20,15,14,12,12|5,13,4,23,15|6,17,2,21,16,22,4,21,3,8
FQX_DIVMOD|5;2,0,1|11,20,15,14,12,12|5,13,4,23,15|9,19|18,23,14,9
FQX_GCD|5;2,0,1|11,20,15,14,12,12|5,13,4,23,15|1
FQX_MUL|5;2,0,1|14,5,22,8,1|7|19,13,1,4,7
FQX_DIVMOD|5;2,0,1|14,5,22,8,1|7|2,12,7,23,22|0
FQX_GCD|5;2,0,1|14,5,22,8,1|7|1
FQX_MUL|5;2,0,1|19,5,21,17|20|6,2,23,16
FQX_DIVMOD|5;2,0,1|19,5,21,17|20|12,4,16,7|0
FQX_GCD|5;2,0,1|19,5,21,17|20|1
FQX_MUL|5;2,0,1|18|8,7,22|13,20,17
FQX_DIVMOD|5;2,0,1|18|8,7,22|0|18
FQX_GCD|5;2,0,1|18|8,7,22|1
FQX_MUL|5;2,0,1|22|17,16,22,24,6|20,3,7,21,9
FQX_DIVMOD|5;2,0,1|22|17,16,22,24,6|0|22
FQX_GCD|5;2,0,1|22|17,16,22,24,6|1
FQX_MUL|5;2,0,1|12,13,2,12,3,23|8,17,23,9|17,22,20,13,10,0,20,14,24
FQX_DIVMOD|5;2,0,1|12,13,2,12,3,23|8,17,23,9|17,21,5|7,12,24
FQX_GCD|5;2,0,1|12,13,2,12,3,23|8,17,23,9|1
FQX_MUL|5;2,0,1|16,0,7,8|22,5,1|3,9,17,6,20,8
FQX_DIVMOD|5;2,0,1|16,0,7,8|22,5,1|19,8|7,13
FQX_GCD|5;2,0,1|16,0,7,8|22,5,1|1
FQX_MUL|5;2,0,1|2,2,22|16,15,22|7,12,22,20,7
FQX_DIVMOD|5;2,0,1|2,2,22|16,15,22|1|11,12
FQX_GCD|5;2,0,1|2,2,22|16,15,22|1
FQX_MUL|5;2,0,1|14|10,24,20,21,15|17,20,9,18,13
FQX_DIVMOD|5;2,0,1|14|10,24,20,21,15|0|14
FQX_GCD|5;2,0,1|14|10,24,20,21,15|1
FQX_MUL|5;2,0,1|19,6,3|7,8,6|2,6,20,3,18
FQX_DIVMOD|5;2,0,1|19,6,3|7,8,6|21|20,16
FQX_GCD|5;2,0,1|19,6,3|7,8,6|1
FQX_IRRED|5;2,0,1|13,22,17,4,14|1
FQX_IRRED|5;2,0,1|23,24,6|1
FQX_IRRED|5;2,0,1|24,12,0,9,2|0
FQX_IRRED|5;2,0,1|11,19,6,13|0
FQX_IRRED|5;2,0,1|22,24,10|0
FQX_IRRED|5;2,0,1|8,18,3,22,18|0
FQX_FACTOR|5;2,0,1|23,11,12,12,16|3,1:2;10,1:2|0
FQX_FACTOR|5;2,0,1|23,10,12,20,9|12,1:2;24,17,1:1|0
FQX_FACTOR|5;2,0,1|5,6,24,8,13,23,4|14,1:2;15,21,1:1;24,1:2|0
FQX_FACTOR|5;2,0,1|8,22,4|15,1:1;18,1:1|0
FQX_FACTOR|5;2,0,1|23,23,7,7|1,1:2;4,1:1|0
